20	2	##
21	3	###
22	16	################
23	1	#
24	0	
25	1	#
26	2	##
27	0	
28	3	###
29	23	#######################
30	31	###############################
31	49	#################################################
32	47	###############################################
33	59	###########################################################
34	72	########################################################################
35	52	####################################################
36	39	#######################################
37	22	######################
38	9	#########
39	1	#
40	0	
41	0	
42	0	
43	1	#
44	0	
45	0	
46	1	#
47	11	###########
48	0	
49	11	###########
50	25	#########################
51	10	##########
52	1	#
53	10	##########
54	0	
55	1	#
56	0	
57	0	
58	0	
59	0	
60	0	
61	2	##
62	8	########
63	31	###############################
64	39	#######################################
65	65	#################################################################
66	66	##################################################################
67	62	##############################################################
68	47	###############################################
69	46	##############################################
70	29	#############################
71	18	##################
72	0	
73	0	
74	1	#
75	0	
76	0	
77	1	#
78	15	###############
79	1	#
80	1	#
